00001111110000010000010110010111
00000000000001011000010110010011
00000000001100000000011000010011
00000001010000000000000011101111
00000000000100000000100010010011
00000000000000000000000001110011
00000000101000000000100010010011
00000000000000000000000001110011
11111111100000010000000100010011
00000000000100010010001000100011
00000000110000010010000000100011
00000010000001100000011001100011
11111111111101100000011000010011
11111110110111111111000011101111
00000000010000010010000010000011
00000000000000010010011000000011
00000000100000010000000100010011
00000000001001100001001010010011
00000000010101011000001010110011
00000000000000101010001010000011
00000000010101010000010100110011
00000000000000001000000001100111
00000000000000000000010100110011
00000000000000001000000001100111
